1694615223500 6.980492442846298 0
1694615223512 2.514607399702072 0
1694615223520 1.2807405702769756 0
1694615223525 0.6330650253221393 0
1694615223530 0.8020849684253335 0
1694615223530 0.735778883099556 0
1694615223544 1.3540202267467976 0
1694615223550 1.390248455107212 0
1694615223555 1.4398043528199196 0
1694615223560 1.495675265789032 0
1694615223570 2.8177546337246895 0
1694615223576 4.049547024071217 0
1694615223580 5.108953028917313 0
1694615223590 3.696877632290125 0
1694615223592 3.077538102865219 0
1694615223605 2.8597567975521088 0
1694615223610 4.721503607928753 0
1694615223610 4.466710679233074 0
1694615223632 5.762296199798584 0
1694615223632 5.604768127202988 0
