1694594709647 2.143710494041443 0
1694594709651 2.0926939249038696 0
1694594709659 2.1218076944351196 0
1694594709664 2.1696821451187134 0
1694594709668 2.0721685886383057 0
1694594709672 2.0344609022140503 0
1694594709676 1.9967983961105347 0
1694594709682 1.8841585516929626 0
1694594709685 1.701292335987091 0
1694594709686 1.654562532901764 0
1694594709694 1.4766907095909119 0
1694594709699 1.5544008612632751 0
1694594709703 1.804716944694519 0
1694594709708 1.7982853651046753 0
1694594709712 1.770836591720581 0
1694594709716 1.711598813533783 0
1694594709721 1.298859179019928 0
1694594709725 1.1883001625537872 0
1694594709736 1.326265662908554 0
1694594709740 1.2560489773750305 0
