1694618665391 1.3907167837023735 0
1694618665399 1.0768067240715027 0
1694618665408 1.0430986434221268 0
1694618665415 0.946294330060482 0
1694618665421 0.8530036434531212 0
1694618665428 0.7971161752939224 0
1694618665435 0.8026124611496925 0
1694618665442 0.8275183029472828 0
1694618665448 0.7982979565858841 0
1694618665456 0.7894396111369133 0
1694618665465 0.7190919406712055 0
1694618665471 0.732842069119215 0
1694618665478 0.7226261161267757 0
1694618665485 0.7437837906181812 0
1694618665492 0.70524100959301 0
1694618665499 0.7378314547240734 0
1694618665505 0.7330830506980419 0
1694618665511 0.6909386441111565 0
1694618665523 0.6615234203636646 0
1694618665529 0.754428293555975 0
