1694534284237 2.1421672105789185 0
1694534284237 2.107127547264099 0
1694534284237 2.1489628553390503 0
1694534284253 2.2086868286132812 0
1694534284253 2.1331645250320435 0
1694534284253 2.1471067667007446 0
1694534284253 2.168173670768738 0
1694534284268 2.147611379623413 0
1694534284268 2.1634782552719116 0
1694534284268 2.1352484226226807 0
1694534284268 2.123423933982849 0
1694534284284 2.140133500099182 0
1694534284284 2.1268255710601807 0
1694534284284 2.166140913963318 0
1694534284284 2.138643503189087 0
1694534284299 2.1899566650390625 0
1694534284299 2.1452484130859375 0
1694534284299 2.119904637336731 0
1694534284317 2.1151657104492188 0
1694534284317 2.1220169067382812 0
