1694586992268 2.143300771713257 0
1694586992268 2.0955331325531006 0
1694586992278 2.1247787475585938 0
1694586992278 2.1711502075195312 0
1694586992278 2.0833587646484375 0
1694586992288 2.041432023048401 0
1694586992294 2.010084390640259 0
1694586992298 1.8885367512702942 0
1694586992298 1.7145810723304749 0
1694586992298 1.6542243957519531 0
1694586992310 1.4808107018470764 0
1694586992310 1.5695216059684753 0
1694586992310 1.8176825046539307 0
1694586992318 1.7929279208183289 0
1694586992318 1.7193865180015564 0
1694586992328 1.6435439586639404 0
1694586992328 1.3094330430030823 0
1694586992328 1.2030085325241089 0
1694586992338 1.3180368840694427 0
1694586992342 1.2350817918777466 0
