1694535046003 2.1456375122070312 0
1694535046003 2.087117910385132 0
1694535046013 2.199483633041382 0
1694535046013 2.255655527114868 0
1694535046013 2.4063316583633423 0
1694535046013 3.6680679321289062 0
1694535046028 6.146787166595459 0
1694535046028 12.845047950744629 0
1694535046028 19.635247707366943 0
1694535046028 15.118265628814697 0
1694535046044 9.890642166137695 0
1694535046044 11.247602462768555 0
1694535046044 12.789462566375732 0
1694535046044 6.818197965621948 0
1694535046060 7.28057336807251 0
1694535046060 9.305768489837646 0
1694535046060 7.451472282409668 0
1694535046060 7.001648426055908 0
1694535046080 7.030416250228882 0
1694535046080 7.8554298877716064 0
