1694624467746 4.965453162789345 0
1694624467752 2.91561022400856 0
1694624467757 2.958375670015812 0
1694624467763 3.269694596529007 0
1694624467769 2.8996046781539917 0
1694624467774 3.548089236021042 0
1694624467779 3.9972556829452515 0
1694624467785 5.198325008153915 0
1694624467790 5.717165231704712 0
1694624467796 8.126085340976715 0
1694624467801 7.0182399451732635 0
1694624467806 9.214492529630661 0
1694624467812 8.880429238080978 0
1694624467817 10.34735295176506 0
1694624467823 11.546708881855011 0
1694624467828 12.280283451080322 0
1694624467833 13.616049766540527 0
1694624467843 11.303109228610992 0
1694624467848 14.058478355407715 0
1694624467854 16.00372403860092 0
