1694616696585 1.3105883598327637 0
1694616696595 0.9810887388885021 0
1694616696595 0.8631214424967766 0
1694616696611 0.7834833934903145 0
1694616696627 0.7585558407008648 0
1694616696627 0.7304769642651081 0
1694616696642 0.6903202943503857 0
1694616696642 0.6553403362631798 0
1694616696658 0.6595112346112728 0
1694616696668 0.6150808688253164 0
1694616696674 0.6074582654982805 0
1694616696674 0.5908182095736265 0
1694616696689 0.5903215166181326 0
1694616696689 0.6277346201241016 0
1694616696705 0.6151056364178658 0
1694616696705 0.5531606916338205 0
1694616696721 0.5604503881186247 0
1694616696721 0.5636132322251797 0
1694616696721 0.5317763332277536 0
1694616696736 0.5641419757157564 0
