1694620356794 1.5452680960297585 0
1694620356801 1.1097228154540062 0
1694620356807 1.1381609812378883 0
1694620356815 1.3305775709450245 0
1694620356821 1.3740831948816776 0
1694620356827 2.1563560143113136 0
1694620356833 2.6499165296554565 0
1694620356840 3.9240261614322662 0
1694620356847 4.659765347838402 0
1694620356854 6.830321162939072 0
1694620356863 7.243966668844223 0
1694620356872 8.09330028295517 0
1694620356881 8.396870344877243 0
1694620356890 8.920066773891449 0
1694620356897 9.869940519332886 0
1694620356903 9.915879368782043 0
1694620356909 13.582292079925537 0
1694620356916 11.463633805513382 0
1694620356928 14.367063105106354 0
1694620356934 15.817953288555145 0
