1694623933101 4.75761653482914 0
1694623933107 2.8011475652456284 0
1694623933112 2.827646389603615 0
1694623933118 3.14652980864048 0
1694623933123 2.859876327216625 0
1694623933128 3.317552700638771 0
1694623933134 3.9706762582063675 0
1694623933140 5.012032464146614 0
1694623933146 6.231363460421562 0
1694623933151 8.31679105758667 0
1694623933158 6.71216544508934 0
1694623933164 9.041421890258789 0
1694623933169 8.311621129512787 0
1694623933175 9.420015811920166 0
1694623933180 11.102802455425262 0
1694623933185 11.69319161772728 0
1694623933191 14.358320355415344 0
1694623933197 12.61141762137413 0
1694623933209 13.903594493865967 0
1694623933214 15.503367722034454 0
