1694587775716 2.1424986124038696 0
1694587775721 2.1023690700531006 0
1694587775721 2.133637547492981 0
1694587775726 2.175140380859375 0
1694587775726 2.104704737663269 0
1694587775736 2.0681207180023193 0
1694587775736 2.0318620204925537 0
1694587775746 1.9041715264320374 0
1694587775751 1.7446403503417969 0
1694587775756 1.6516364216804504 0
1694587775756 1.5038071870803833 0
1694587775767 1.6237555146217346 0
1694587775767 1.8352198600769043 0
1694587775776 1.7599100470542908 0
1694587775776 1.502314269542694 0
1694587775783 1.4960008263587952 0
1694587775786 1.1964730620384216 0
1694587775786 1.2226411998271942 0
1694587775803 1.3468246459960938 0
1694587775806 1.2472096681594849 0
