1694620888236 1.5667281299829483 0
1694620888244 1.1173760555684566 0
1694620888250 1.150032740086317 0
1694620888256 1.3414276689291 0
1694620888262 1.3818226717412472 0
1694620888268 2.159507505595684 0
1694620888274 2.651247613132 0
1694620888281 3.913246937096119 0
1694620888288 4.716716319322586 0
1694620888293 6.928469762206078 0
1694620888300 7.304264426231384 0
1694620888305 8.174202710390091 0
1694620888312 8.553881675004959 0
1694620888318 10.15600460767746 0
1694620888324 10.553161263465881 0
1694620888331 10.17322838306427 0
1694620888337 12.950496196746826 0
1694620888343 12.304608255624771 0
1694620888355 13.267398357391357 0
1694620888360 16.325913786888123 0
