1694622521341 1.3320933803915977 0
1694622521348 1.0236301496624947 0
1694622521354 0.8922736197710037 0
1694622521361 0.8025078773498535 0
1694622521366 0.779251966625452 0
1694622521374 0.7557318471372128 0
1694622521380 0.7365462779998779 0
1694622521385 0.767235916107893 0
1694622521392 0.8117313534021378 0
1694622521399 0.8512284643948078 0
1694622521405 0.9502998627722263 0
1694622521411 0.9594822749495506 0
1694622521417 1.151122786104679 0
1694622521424 1.368477713316679 0
1694622521430 1.4153042621910572 0
1694622521437 1.472157996147871 0
1694622521444 1.4891971498727798 0
1694622521452 1.7322037518024445 0
1694622521464 1.7908057123422623 0
1694622521470 1.6751392036676407 0
