1694623108338 1.332443356513977 0
1694623108338 1.0243573896586895 0
1694623108353 0.8928941488265991 0
1694623108360 0.802974559366703 0
1694623108370 0.7795000411570072 0
1694623108370 0.7558540739119053 0
1694623108370 0.7365467734634876 0
1694623108385 0.7671716809272766 0
1694623108401 0.8115569613873959 0
1694623108401 0.851004347205162 0
1694623108401 0.9500733241438866 0
1694623108416 0.9591982066631317 0
1694623108416 1.150781698524952 0
1694623108432 1.3683086782693863 0
1694623108432 1.4150800742208958 0
1694623108448 1.4721489362418652 0
1694623108460 1.4887554571032524 0
1694623108464 1.732076719403267 0
1694623108464 1.7906015813350677 0
1694623108479 1.674993172287941 0
