1694617541549 1.7789222598075867 0
1694617541557 1.4808534309267998 0
1694617541565 1.4883367270231247 0
1694617541572 1.6351346373558044 0
1694617541577 1.97377460449934 0
1694617541581 2.21387992054224 0
1694617541590 2.658066540956497 0
1694617541590 3.3796080201864243 0
1694617541597 3.9404673129320145 0
1694617541607 4.798206254839897 0
1694617541613 5.595290511846542 0
1694617541617 6.1224785298109055 0
1694617541629 7.383824467658997 0
1694617541637 9.18889605998993 0
1694617541647 9.881727546453476 0
1694617541647 9.594753056764603 0
1694617541661 10.095261991024017 0
1694617541667 11.140310555696487 0
1694617541684 11.535676836967468 0
1694617541690 10.843805968761444 0
