1694621415605 1.3970289826393127 0
1694621415612 1.1004739068448544 0
1694621415618 1.0917615070939064 0
1694621415625 1.191793717443943 0
1694621415631 1.244165349751711 0
1694621415637 1.9714394435286522 0
1694621415642 2.384679138660431 0
1694621415647 3.4828206226229668 0
1694621415652 4.20552633702755 0
1694621415657 6.308615028858185 0
1694621415663 5.963249534368515 0
1694621415668 7.1902554631233215 0
1694621415674 8.878596186637878 0
1694621415680 10.128380715847015 0
1694621415685 10.748060405254364 0
1694621415690 10.8533194065094 0
1694621415697 13.163401454687119 0
1694621415702 13.406206578016281 0
1694621415713 15.504845917224884 0
1694621415718 19.330568552017212 0
