1694589534398 2.617005467414856 0
1694589534428 2.3806902170181274 0
1694589534438 2.4819631576538086 0
1694589534450 2.387952208518982 0
1694589534482 2.3226029872894287 0
1694589534611 2.58504319190979 0
1694589534639 2.5551313161849976 0
1694589534647 3.116797685623169 0
1694589534657 3.325103998184204 0
1694589534665 2.9847021102905273 0
1694589534673 4.173631310462952 0
1694589534681 5.36375617980957 0
1694589534690 5.497366666793823 0
1694589534698 6.457578182220459 0
1694589534706 6.837900400161743 0
1694589534715 7.998395204544067 0
1694589534724 10.144816398620605 0
1694589534734 10.454257488250732 0
1694589534741 14.224897861480713 0
1694589534750 13.591472148895264 0
