1694588205859 2.1424636840820312 0
1694588205865 2.102985978126526 0
1694588205870 2.1345869302749634 0
1694588205875 2.1756733655929565 0
1694588205877 2.106289505958557 0
1694588205877 2.0713250637054443 0
1694588205886 2.033408045768738 0
1694588205886 1.9061219096183777 0
1694588205895 1.747273564338684 0
1694588205895 1.6517775654792786 0
1694588205902 1.5068965554237366 0
1694588205905 1.6304950714111328 0
1694588205905 1.8363906145095825 0
1694588205915 1.7555702924728394 0
1694588205917 1.4790928959846497 0
1694588205917 1.4876765012741089 0
1694588205925 1.1809054017066956 0
1694588205925 1.220777153968811 0
1694588205940 1.3423603177070618 0
1694588205940 1.2425427436828613 0
