1694531563089 2.1905397176742554 0
1694531563094 2.112245798110962 0
1694531563099 2.1384114027023315 0
1694531563105 2.182852029800415 0
1694531563105 2.096975088119507 0
1694531563105 2.115548253059387 0
1694531563115 2.0404794216156006 0
1694531563115 2.0932050943374634 0
1694531563125 2.0525981187820435 0
1694531563125 2.0191999673843384 0
1694531563133 2.054513096809387 0
1694531563134 2.012004315853119 0
1694531563134 1.9922322034835815 0
1694531563145 1.927216649055481 0
1694531563146 1.9389103651046753 0
1694531563146 1.9201802015304565 0
1694531563155 1.9750933051109314 0
1694531563155 1.9937547445297241 0
1694531563170 1.9872158765792847 0
1694531563170 1.9673701524734497 0
