1694616976317 1.4300553351640701 0
1694616976323 1.2232577353715897 0
1694616976329 0.9960419088602066 0
1694616976336 0.765924384817481 0
1694616976341 0.9092714861035347 0
1694616976346 0.8227152060717344 0
1694616976352 0.7989663891494274 0
1694616976357 1.0453772842884064 0
1694616976363 1.9763329587876797 0
1694616976368 3.077557362616062 0
1694616976373 3.779110051691532 0
1694616976378 4.903235197067261 0
1694616976384 4.594047024846077 0
1694616976389 4.439864095300436 0
1694616976395 3.3942195549607277 0
1694616976400 4.478992357850075 0
1694616976406 5.884935908019543 0
1694616976411 6.112506330013275 0
1694616976417 8.15316128730774 0
1694616976426 7.252814367413521 0
