1694586166578 2.1430304050445557 0
1694586166583 2.0974916219711304 0
1694586166588 2.1268179416656494 0
1694586166593 2.1720842123031616 0
1694586166597 2.089913487434387 0
1694586166601 2.047395944595337 0
1694586166606 2.017361283302307 0
1694586166612 1.8917563557624817 0
1694586166617 1.7231467366218567 0
1694586166621 1.6531947255134583 0
1694586166626 1.485448956489563 0
1694586166633 1.5817424058914185 0
1694586166638 1.8243231773376465 0
1694586166644 1.7864139676094055 0
1694586166649 1.6700761914253235 0
1694586166653 1.5929105281829834 0
1694586166660 1.3056136965751648 0
1694586166666 1.2214261889457703 0
1694586166675 1.3302418887615204 0
1694586166680 1.2446074485778809 0
