1694595552427 2.1436930894851685 0
1694595552427 2.0926589965820312 0
1694595552427 2.122011423110962 0
1694595552427 2.169849991798401 0
1694595552443 2.072358250617981 0
1694595552449 2.0345414876937866 0
1694595552453 1.9969836473464966 0
1694595552457 1.8840304613113403 0
1694595552461 1.701517403125763 0
1694595552464 1.654520869255066 0
1694595552464 1.4765581488609314 0
1694595552464 1.5543820261955261 0
1694595552464 1.8051475286483765 0
1694595552480 1.798097014427185 0
1694595552480 1.770595371723175 0
1694595552480 1.7109810709953308 0
1694595552480 1.299095332622528 0
1694595552496 1.188424974679947 0
1694595552507 1.3264921307563782 0
1694595552507 1.256028652191162 0
