1694617831931 1.3968236818909645 0
1694617831931 1.0716532282531261 0
1694617831931 1.0660120844841003 0
1694617831947 0.9466515854001045 0
1694617831947 0.8492260500788689 0
1694617831962 0.7871120683848858 0
1694617831962 0.788109615445137 0
1694617831978 0.8177023883908987 0
1694617831978 0.797661118209362 0
1694617831994 0.8080253452062607 0
1694617832005 0.7194855473935604 0
1694617832010 0.7446033991873264 0
1694617832010 0.7314642183482647 0
1694617832025 0.7528773285448551 0
1694617832025 0.7045777142047882 0
1694617832041 0.7539439797401428 0
1694617832041 0.7476498857140541 0
1694617832041 0.6957686692476273 0
1694617832069 0.6603193320333958 0
1694617832072 0.7644871212542057 0
