1694590419021 2.637330174446106 0
1694590419027 2.3995336294174194 0
1694590419030 2.4925858974456787 0
1694590419034 2.4029723405838013 0
1694590419039 2.339335560798645 0
1694590419043 2.597201108932495 0
1694590419046 2.564961075782776 0
1694590419050 3.1169636249542236 0
1694590419055 3.33870530128479 0
1694590419059 2.9801334142684937 0
1694590419063 4.190731644630432 0
1694590419067 5.4200592041015625 0
1694590419071 5.502228736877441 0
1694590419075 6.418175220489502 0
1694590419079 6.724905729293823 0
1694590419083 8.288970708847046 0
1694590419087 9.878796577453613 0
1694590419091 10.63895845413208 0
1694590419101 13.90389347076416 0
1694590419107 13.179033756256104 0
