1694589063261 2.7171467542648315 0
1694589063271 2.4783828258514404 0
1694589063279 2.535941243171692 0
1694589063287 2.455378770828247 0
1694589063292 2.391502618789673 0
1694589063292 2.63353168964386 0
1694589063301 2.5783324241638184 0
1694589063308 3.1134005784988403 0
1694589063311 3.3877395391464233 0
1694589063321 2.892643690109253 0
1694589063324 4.267656445503235 0
1694589063331 5.5520617961883545 0
1694589063340 5.521286964416504 0
1694589063341 6.506976366043091 0
1694589063351 6.0487892627716064 0
1694589063361 8.200962781906128 0
1694589063366 9.561685562133789 0
1694589063372 9.955859661102295 0
1694589063381 13.990551471710205 0
1694589063391 11.273468971252441 0
