1694624200512 5.039473682641983 0
1694624200519 2.957959234714508 0
1694624200525 3.0051406770944595 0
1694624200533 3.315470740199089 0
1694624200539 2.9117115139961243 0
1694624200545 3.632170334458351 0
1694624200551 4.146237373352051 0
1694624200557 5.447867646813393 0
1694624200564 6.243971541523933 0
1694624200570 7.93251046538353 0
1694624200577 6.7820950746536255 0
1694624200583 7.918938994407654 0
1694624200589 9.776653558015823 0
1694624200595 11.123329311609268 0
1694624200600 12.069806605577469 0
1694624200607 11.609243929386139 0
1694624200613 12.461782276630402 0
1694624200619 12.467662125825882 0
1694624200633 13.618059396743774 0
1694624200640 13.963251948356628 0
