1694625318241 1.475432351231575 0
1694625318247 1.2570574805140495 0
1694625318254 1.1852877661585808 0
1694625318260 1.196733146905899 0
1694625318267 1.1728647090494633 0
1694625318273 1.853176288306713 0
1694625318279 2.3114692494273186 0
1694625318285 3.270019546151161 0
1694625318291 4.125577419996262 0
1694625318297 6.087074279785156 0
1694625318304 6.4529024958610535 0
1694625318310 7.819072872400284 0
1694625318317 8.642996370792389 0
1694625318323 9.289002925157547 0
1694625318329 10.457232385873795 0
1694625318335 11.011571645736694 0
1694625318342 14.881544947624207 0
1694625318347 14.998548567295074 0
1694625318359 15.020175755023956 0
1694625318365 18.884243428707123 0
