1694614683671 2.5498578995466232 0
1694614683675 2.237537868320942 0
1694614683675 2.206728532910347 0
1694614683687 2.425052233040333 0
1694614683687 2.758180186152458 0
1694614683696 2.839226096868515 0
1694614683705 3.2621459364891052 0
1694614683711 4.0348791629076 0
1694614683715 4.426998049020767 0
1694614683719 5.4252584129571915 0
1694614683725 6.30928048491478 0
1694614683725 6.363804250955582 0
1694614683735 7.674868613481522 0
1694614683735 9.428515464067459 0
1694614683745 9.53778937458992 0
1694614683751 9.999875843524933 0
1694614683755 9.962977051734924 0
1694614683760 11.618489176034927 0
1694614683776 11.00340986251831 0
1694614683780 10.225257456302643 0
