1694618115179 1.4118913933634758 0
1694618115179 1.0652538910508156 0
1694618115189 1.084377370774746 0
1694618115195 0.9621172100305557 0
1694618115195 0.8608493208885193 0
1694618115195 0.7938629575073719 0
1694618115211 0.7985426187515259 0
1694618115211 0.8286868706345558 0
1694618115211 0.8107919506728649 0
1694618115226 0.835760485380888 0
1694618115226 0.7285051755607128 0
1694618115242 0.7595505639910698 0
1694618115242 0.7399768345057964 0
1694618115242 0.7683963663876057 0
1694618115257 0.7036686725914478 0
1694618115257 0.7717424929141998 0
1694618115257 0.7705015316605568 0
1694618115273 0.7075841948390007 0
1694618115286 0.669988539069891 0
1694618115289 0.7809735871851444 0
