1694589969583 2.4928817749023438 0
1694589969589 2.2732118368148804 0
1694589969594 2.408458113670349 0
1694589969599 2.267184615135193 0
1694589969603 2.203368067741394 0
1694589969607 2.4771968126296997 0
1694589969610 2.4817506074905396 0
1694589969614 3.074814558029175 0
1694589969618 3.2813897132873535 0
1694589969622 3.076432466506958 0
1694589969626 4.0480324029922485 0
1694589969630 5.046931028366089 0
1694589969634 5.663538932800293 0
1694589969637 6.553940773010254 0
1694589969641 6.835521221160889 0
1694589969646 8.207945823669434 0
1694589969650 8.048627853393555 0
1694589969654 11.696698665618896 0
1694589969658 13.143049240112305 0
1694589969663 13.811464786529541 0
