1694622233654 1.3373145088553429 0
1694622233660 1.034507144242525 0
1694622233667 0.90189278870821 0
1694622233673 0.8095509707927704 0
1694622233679 0.7832830734550953 0
1694622233686 0.7574599012732506 0
1694622233692 0.7365527115762234 0
1694622233698 0.7660848945379257 0
1694622233704 0.809568714350462 0
1694622233711 0.8484899997711182 0
1694622233717 0.947032630443573 0
1694622233724 0.9564925543963909 0
1694622233731 1.147836446762085 0
1694622233738 1.3645500279963017 0
1694622233745 1.4111340418457985 0
1694622233751 1.4708555117249489 0
1694622233757 1.486866556107998 0
1694622233764 1.729439839720726 0
1694622233777 1.7903651148080826 0
1694622233783 1.6735381223261356 0
