1694621148481 1.392872415482998 0
1694621148487 1.0826297923922539 0
1694621148494 1.090630903840065 0
1694621148500 1.2003807686269283 0
1694621148507 1.263909749686718 0
1694621148513 1.9778093434870243 0
1694621148519 2.373944789171219 0
1694621148526 3.542770341038704 0
1694621148532 4.11851704120636 0
1694621148538 6.218511447310448 0
1694621148544 6.2188984751701355 0
1694621148550 7.574110269546509 0
1694621148556 7.8586519956588745 0
1694621148563 8.47809699177742 0
1694621148569 9.77209997177124 0
1694621148576 10.751788884401321 0
1694621148582 12.45895767211914 0
1694621148588 13.047036617994308 0
1694621148600 14.2003093957901 0
1694621148606 17.25548130273819 0
