1694597180524 2.188718557357788 0
1694597180532 2.1255743503570557 0
1694597180540 2.0394537448883057 0
1694597180545 1.973366379737854 0
1694597180549 1.7951481938362122 0
1694597180554 1.5748387575149536 0
1694597180558 1.9515548944473267 0
1694597180562 2.0448575019836426 0
1694597180562 2.948028802871704 0
1694597180562 2.9457476139068604 0
1694597180575 3.722201347351074 0
1694597180580 3.5636433362960815 0
1694597180585 4.2427884340286255 0
1694597180589 6.277793645858765 0
1694597180593 6.50639271736145 0
1694597180593 7.239452123641968 0
1694597180600 8.908889770507812 0
1694597180602 8.332099914550781 0
1694597180615 11.438985347747803 0
1694597180619 10.446870803833008 0
