1694592993198 2.1422892808914185 0
1694592993203 2.1057597398757935 0
1694592993205 2.145602583885193 0
1694592993212 2.2017091512680054 0
1694592993212 2.1230850219726562 0
1694592993221 2.133297562599182 0
1694592993226 2.1490031480789185 0
1694592993230 2.127005457878113 0
1694592993235 2.137501358985901 0
1694592993239 2.1082611083984375 0
1694592993242 2.0937347412109375 0
1694592993247 2.111888289451599 0
1694592993247 2.0993270874023438 0
1694592993256 2.134145498275757 0
1694592993260 2.108855128288269 0
1694592993265 2.1525704860687256 0
1694592993269 2.1118611097335815 0
1694592993272 2.0846437215805054 0
1694592993283 2.079018712043762 0
1694592993283 2.0840193033218384 0
