1694625598721 1.479928158223629 0
1694625598729 1.2615140527486801 0
1694625598737 1.1830069571733475 0
1694625598744 1.1960337832570076 0
1694625598752 1.175572283565998 0
1694625598759 1.8524743504822254 0
1694625598767 2.3096164390444756 0
1694625598774 3.2697302028536797 0
1694625598782 4.104694157838821 0
1694625598789 6.010267063975334 0
1694625598796 6.3219508826732635 0
1694625598804 7.7555660009384155 0
1694625598811 8.901429682970047 0
1694625598817 10.0973060131073 0
1694625598823 10.982549250125885 0
1694625598830 11.209847778081894 0
1694625598836 15.187145054340363 0
1694625598843 14.088040053844452 0
1694625598855 15.163023948669434 0
1694625598861 18.494624316692352 0
