1694615522747 1.4159266501665115 0
1694615522759 1.3024720177054405 0
1694615522764 1.2634848579764366 0
1694615522770 1.2004717141389847 0
1694615522771 1.1638238206505775 0
1694615522777 1.109111949801445 0
1694615522787 1.0929221659898758 0
1694615522792 1.0525556318461895 0
1694615522799 1.0540124401450157 0
1694615522807 1.0001946538686752 0
1694615522814 0.9973931908607483 0
1694615522821 0.9792819768190384 0
1694615522827 0.9783971197903156 0
1694615522833 0.9768662862479687 0
1694615522839 0.9597873687744141 0
1694615522841 0.9473782554268837 0
1694615522847 0.9521135464310646 0
1694615522847 0.9312987104058266 0
1694615522862 0.9162966422736645 0
1694615522868 0.912741519510746 0
