1694532345049 2.142332911491394 0
1694532345049 2.104982614517212 0
1694532345059 2.137745499610901 0
1694532345065 2.177287459373474 0
1694532345069 2.1108442544937134 0
1694532345069 2.081910252571106 0
1694532345069 2.0375932455062866 0
1694532345081 1.9128440022468567 0
1694532345081 1.7548604607582092 0
1694532345089 1.6528186798095703 0
1694532345089 1.517389714717865 0
1694532345099 1.6517127752304077 0
1694532345099 1.83693528175354 0
1694532345099 1.7457897663116455 0
1694532345113 1.422623097896576 0
1694532345113 1.4720181822776794 0
1694532345119 1.150488793849945 0
1694532345119 1.2168507874011993 0
1694532345137 1.3290600776672363 0
1694532345139 1.2397178411483765 0
