1694619242220 1.3271975293755531 0
1694619242227 1.0496388785541058 0
1694619242235 0.8948400653898716 0
1694619242244 0.8425206616520882 0
1694619242251 1.0233995281159878 0
1694619242257 1.3622938394546509 0
1694619242264 1.9319735392928123 0
1694619242272 2.6165735125541687 0
1694619242279 3.606555387377739 0
1694619242287 4.521264418959618 0
1694619242295 5.4891277551651 0
1694619242303 6.073001250624657 0
1694619242310 7.201647013425827 0
1694619242317 9.862319022417068 0
1694619242325 10.076214671134949 0
1694619242333 10.397287994623184 0
1694619242340 10.391980320215225 0
1694619242347 10.837165534496307 0
1694619242360 11.3893763422966 0
1694619242367 11.30832290649414 0
