1694585339469 2.8035038709640503 0
1694585339484 2.6257545948028564 0
1694585339484 2.7479655742645264 0
1694585339500 2.8601810932159424 0
1694585339500 2.726704716682434 0
1694585339500 2.779557943344116 0
1694585339500 3.0788124799728394 0
1694585339516 3.0521541833877563 0
1694585339516 3.881664991378784 0
1694585339516 4.1740217208862305 0
1694585339532 4.72569727897644 0
1694585339532 4.313038110733032 0
1694585339532 5.620269060134888 0
1694585339532 6.96317982673645 0
1694585339547 6.872687339782715 0
1694585339547 7.557710886001587 0
1694585339547 8.521541595458984 0
1694585339563 9.340365171432495 0
1694585339563 9.820342540740967 0
1694585339573 8.899407386779785 0
