1694614962852 1.4447310417890549 0
1694614962863 1.3656250014901161 0
1694614962866 1.1775805726647377 0
1694614962872 0.9896622821688652 0
1694614962877 0.9377084746956825 0
1694614962887 0.7437165006995201 0
1694614962892 0.583134301006794 0
1694614962900 0.6111238449811935 0
1694614962902 0.4763718154281378 0
1694614962912 0.5370113980025053 0
1694614962914 0.746190482750535 0
1694614962922 1.0710245352238417 0
1694614962932 0.9098389260470867 0
1694614962937 0.757441695779562 0
1694614962942 0.6299907527863979 0
1694614962951 0.6247947979718447 0
1694614962952 0.7524945326149464 0
1694614962962 0.9848706219345331 0
1694614962962 1.2173726707696915 0
1694614962972 1.2082009688019753 0
