1694585754437 2.1433879137039185 0
1694585754437 2.094633936882019 0
1694585754437 2.1237913370132446 0
1694585754452 2.170796036720276 0
1694585754452 2.079977869987488 0
1694585754452 2.038962244987488 0
1694585754452 2.0061274766921997 0
1694585754471 1.8870195746421814 0
1694585754471 1.7103630900382996 0
1694585754471 1.6544066667556763 0
1694585754471 1.4791144132614136 0
1694585754484 1.564159095287323 0
1694585754484 1.8139475584030151 0
1694585754484 1.795451283454895 0
1694585754484 1.7395399808883667 0
1694585754500 1.6679888367652893 0
1694585754500 1.306322157382965 0
1694585754500 1.1955837905406952 0
1694585754500 1.3174161314964294 0
1694585754515 1.2376431822776794 0
