1694587384152 2.1425247192382812 0
1694587384157 2.102352738380432 0
1694587384163 2.1335394382476807 0
1694587384167 2.1750651597976685 0
1694587384167 2.104495406150818 0
1694587384177 2.0678526163101196 0
1694587384179 2.031852126121521 0
1694587384179 1.9041191935539246 0
1694587384187 1.7445340752601624 0
1694587384187 1.6515835523605347 0
1694587384197 1.5035681128501892 0
1694587384197 1.6233078837394714 0
1694587384207 1.8353735208511353 0
1694587384211 1.7596431970596313 0
1694587384211 1.5027320384979248 0
1694587384217 1.4959861636161804 0
1694587384217 1.1966628432273865 0
1694587384227 1.2231312096118927 0
1694587384237 1.3469846546649933 0
1694587384237 1.247413992881775 0
