1694625044812 1.4797478690743446 0
1694625044818 1.2613457292318344 0
1694625044825 1.1830811649560928 0
1694625044831 1.1960666067898273 0
1694625044838 1.1755404137074947 0
1694625044844 1.8526534289121628 0
1694625044850 2.309553734958172 0
1694625044856 3.2692663595080376 0
1694625044864 4.105241999030113 0
1694625044870 6.01838855445385 0
1694625044877 6.3225327134132385 0
1694625044884 7.840139716863632 0
1694625044891 9.020806968212128 0
1694625044898 11.508837699890137 0
1694625044904 12.364051043987274 0
1694625044910 11.47020810842514 0
1694625044915 13.88845008611679 0
1694625044922 13.727342784404755 0
1694625044929 15.71974915266037 0
1694625044935 19.1615229845047 0
