1694618380573 1.4007083624601364 0
1694618380580 1.069420713931322 0
1694618380587 1.0742483139038086 0
1694618380592 0.9496092833578587 0
1694618380600 0.8513043895363808 0
1694618380606 0.7882054634392262 0
1694618380613 0.7886384800076485 0
1694618380619 0.8194174095988274 0
1694618380625 0.8003814518451691 0
1694618380632 0.8152471967041492 0
1694618380639 0.72142493724823 0
1694618380645 0.7485775239765644 0
1694618380652 0.7338568083941936 0
1694618380658 0.7570029459893703 0
1694618380665 0.7039165757596493 0
1694618380671 0.759132657200098 0
1694618380677 0.7535812146961689 0
1694618380683 0.6989091224968433 0
1694618380695 0.6623967327177525 0
1694618380700 0.7689961902797222 0
