1694593850346 2.142324209213257 0
1694593850350 2.1060256958007812 0
1694593850356 2.1463372707366943 0
1694593850359 2.202983260154724 0
1694593850359 2.124826669692993 0
1694593850359 2.135683298110962 0
1694593850373 2.1520919799804688 0
1694593850377 2.130209803581238 0
1694593850381 2.141391158103943 0
1694593850385 2.1121368408203125 0
1694593850390 2.097867727279663 0
1694593850394 2.11566162109375 0
1694593850398 2.1029205322265625 0
1694593850399 2.138427734375 0
1694593850399 2.112601161003113 0
1694593850409 2.157459855079651 0
1694593850415 2.1160125732421875 0
1694593850419 2.089112401008606 0
1694593850424 2.083720564842224 0
1694593850428 2.0887190103530884 0
