1694621946909 1.4002533182501793 0
1694621946916 1.1148782037198544 0
1694621946922 1.1057686284184456 0
1694621946929 1.1964261084794998 0
1694621946934 1.2316677868366241 0
1694621946941 1.9607826843857765 0
1694621946947 2.3617673367261887 0
1694621946953 3.434975028038025 0
1694621946959 4.102556452155113 0
1694621946965 5.919149398803711 0
1694621946971 6.4083481580019 0
1694621946977 7.078643977642059 0
1694621946983 8.212172776460648 0
1694621946989 10.148635029792786 0
1694621946996 11.284548431634903 0
1694621947002 10.81891518831253 0
1694621947008 13.866434156894684 0
1694621947014 13.358936369419098 0
1694621947021 14.11560183763504 0
1694621947026 14.693243861198425 0
