1694619520964 1.32294812053442 0
1694619520970 1.0430226139724255 0
1694619520976 0.8917527981102467 0
1694619520982 0.8422349914908409 0
1694619520988 1.025523155927658 0
1694619520996 1.3665391467511654 0
1694619521003 1.9359102174639702 0
1694619521009 2.625143215060234 0
1694619521015 3.6124952137470245 0
1694619521022 4.525458052754402 0
1694619521029 5.515814051032066 0
1694619521035 6.021805331110954 0
1694619521042 7.1803317964077 0
1694619521047 9.958093017339706 0
1694619521054 10.125572562217712 0
1694619521061 10.072665244340897 0
1694619521067 10.541608422994614 0
1694619521073 11.807914018630981 0
1694619521086 11.49575650691986 0
1694619521093 11.35402861237526 0
