1694591671636 2.236752152442932 0
1694591671642 2.1345971822738647 0
1694591671646 2.194508194923401 0
1694591671653 2.090414881706238 0
1694591671659 2.2004088163375854 0
1694591671664 2.2731364965438843 0
1694591671669 2.3251287937164307 0
1694591671676 2.9024038314819336 0
1694591671679 3.1973451375961304 0
1694591671685 2.879258394241333 0
1694591671690 3.6961334943771362 0
1694591671695 4.919495105743408 0
1694591671697 5.292778253555298 0
1694591671701 6.7299885749816895 0
1694591671705 6.933839321136475 0
1694591671714 9.10381269454956 0
1694591671720 10.023109436035156 0
1694591671724 13.707542896270752 0
1694591671729 13.912912845611572 0
1694591671732 15.99167537689209 0
