1694443741707 2.1522979736328125 0
1694443741713 2.0092042684555054 0
1694443741717 1.9761025309562683 0
1694443741721 1.8842811584472656 0
1694443741726 1.7387161254882812 0
1694443741731 1.5806851983070374 0
1694443741736 1.4360736012458801 0
1694443741740 1.2361093163490295 0
1694443741743 1.0844448804855347 0
1694443741749 0.926796942949295 0
1694443741753 0.8372022211551666 0
1694443741757 0.7292031943798065 0
1694443741762 0.6180141866207123 0
1694443741765 0.5472606420516968 0
1694443741770 0.46948525309562683 0
1694443741774 0.48496852815151215 0
1694443741777 0.3788532614707947 0
1694443741783 0.2782234027981758 0
1694443741788 0.29716914892196655 0
1694443741791 0.22922809422016144 0
