1694617227955 1.4014778137207031 0
1694617227961 1.169537365436554 0
1694617227966 0.9784175418317318 0
1694617227973 0.7676129173487425 0
1694617227977 0.8901638835668564 0
1694617227983 0.7865397240966558 0
1694617227990 0.7853912487626076 0
1694617227996 0.9569230638444424 0
1694617228004 1.5734468922019005 0
1694617228010 2.3029899671673775 0
1694617228017 2.4271733164787292 0
1694617228023 4.420058980584145 0
1694617228030 5.006236471235752 0
1694617228037 3.1290973275899887 0
1694617228043 3.154550738632679 0
1694617228048 3.5416665822267532 0
1694617228054 4.303776629269123 0
1694617228060 5.021839335560799 0
1694617228072 9.536967918276787 0
1694617228078 9.973487854003906 0
