1694592548672 2.142306685447693 0
1694592548677 2.1054545640945435 0
1694592548680 2.144991159439087 0
1694592548680 2.200380563735962 0
1694592548688 2.121249556541443 0
1694592548695 2.130978226661682 0
1694592548700 2.1458282470703125 0
1694592548705 2.123843550682068 0
1694592548709 2.1336190700531006 0
1694592548714 2.1045161485671997 0
1694592548719 2.089852452278137 0
1694592548723 2.108181595802307 0
1694592548728 2.0959635972976685 0
1694592548733 2.130177140235901 0
1694592548736 2.105215907096863 0
1694592548738 2.147859811782837 0
1694592548738 2.107807755470276 0
1694592548748 2.0804301500320435 0
1694592548755 2.0745010375976562 0
1694592548760 2.0793838500976562 0
