1694531946886 3.484255075454712 0
1694531946891 3.509881377220154 0
1694531946896 3.8292688131332397 0
1694531946901 4.091028451919556 0
1694531946904 3.9863775968551636 0
1694531946904 4.075861096382141 0
1694531946912 4.301172733306885 0
1694531946912 3.936911940574646 0
1694531946912 4.634910583496094 0
1694531946921 4.749871015548706 0
1694531946921 5.479040145874023 0
1694531946931 5.012164831161499 0
1694531946931 5.629891633987427 0
1694531946931 6.53669285774231 0
1694531946941 8.011242389678955 0
1694531946944 7.210137844085693 0
1694531946944 9.395691871643066 0
1694531946951 8.473804235458374 0
1694531946963 9.440448760986328 0
1694531946963 8.825218200683594 0
