1694619816503 1.3342871218919754 0
1694619816504 1.0606757700443268 0
1694619816504 0.9001059308648109 0
1694619816523 0.8430699221789837 0
1694619816530 1.020081777125597 0
1694619816537 1.3555831350386143 0
1694619816539 1.9252648502588272 0
1694619816539 2.603824459016323 0
1694619816554 3.596294403076172 0
1694619816563 4.512388378381729 0
1694619816570 5.439473107457161 0
1694619816573 6.1391904801130295 0
1694619816579 7.143738299608231 0
1694619816588 9.5757697224617 0
1694619816595 9.49519208073616 0
1694619816602 9.89250960946083 0
1694619816608 9.587194353342056 0
1694619816608 10.546731650829315 0
1694619816626 11.363703191280365 0
1694619816632 11.10227546095848 0
