1694623403374 1.333120845258236 0
1694623403380 1.0257650204002857 0
1694623403386 0.894156388938427 0
1694623403392 0.8038815148174763 0
1694623403397 0.780044436454773 0
1694623403402 0.7560617253184319 0
1694623403407 0.7365242391824722 0
1694623403412 0.7670208290219307 0
1694623403418 0.8112712241709232 0
1694623403424 0.8506552502512932 0
1694623403429 0.9496158063411713 0
1694623403435 0.9588002823293209 0
1694623403441 1.1504785642027855 0
1694623403446 1.3677074424922466 0
1694623403452 1.414408776909113 0
1694623403459 1.4719052724540234 0
1694623403465 1.4885050281882286 0
1694623403470 1.731498308479786 0
1694623403482 1.7904168292880058 0
1694623403488 1.675109550356865 0
