1694591244182 2.2346856594085693 0
1694591244186 2.1340768337249756 0
1694591244191 2.192197561264038 0
1694591244194 2.090220332145691 0
1694591244198 2.2008529901504517 0
1694591244202 2.267771005630493 0
1694591244207 2.3216947317123413 0
1694591244211 2.899445414543152 0
1694591244215 3.1965006589889526 0
1694591244220 2.8755143880844116 0
1694591244224 3.6896581649780273 0
1694591244228 4.922821760177612 0
1694591244232 5.2608888149261475 0
1694591244236 6.665632724761963 0
1694591244241 6.6977009773254395 0
1694591244245 9.11701250076294 0
1694591244248 10.069525718688965 0
1694591244252 13.101071834564209 0
1694591244257 14.04512071609497 0
1694591244261 15.886063575744629 0
