1694596364843 2.168611764907837 0
1694596364849 2.1611862182617188 0
1694596364854 2.085642099380493 0
1694596364860 2.0048898458480835 0
1694596364865 1.839631736278534 0
1694596364871 1.5881139039993286 0
1694596364875 1.962131142616272 0
1694596364877 1.9992903470993042 0
1694596364877 2.9481643438339233 0
1694596364887 2.8713459968566895 0
1694596364893 3.749308228492737 0
1694596364897 3.5539300441741943 0
1694596364901 4.194714307785034 0
1694596364905 6.058763027191162 0
1694596364907 6.1362144947052 0
1694596364915 6.909960985183716 0
1694596364919 7.888800621032715 0
1694596364923 7.833028554916382 0
1694596364928 10.478112697601318 0
1694596364931 10.095846176147461 0
