1694618954606 1.3447774425148964 0
1694618954621 1.0769417993724346 0
1694618954621 0.9082548208534718 0
1694618954637 0.8441946282982826 0
1694618954637 1.0156619660556316 0
1694618954653 1.3461605682969093 0
1694618954653 1.9151575714349747 0
1694618954653 2.586067445576191 0
1694618954668 3.581054911017418 0
1694618954668 4.49008122086525 0
1694618954684 5.3986911326646805 0
1694618954693 5.99608151614666 0
1694618954700 7.190371662378311 0
1694618954700 9.729711920022964 0
1694618954700 9.081125631928444 0
1694618954715 9.239065736532211 0
1694618954715 9.602358043193817 0
1694618954731 11.331995517015457 0
1694618954747 11.96968162059784 0
1694618954747 11.692013651132584 0
