1694594276609 2.1439024209976196 0
1694594276615 2.091195225715637 0
1694594276620 2.120574951171875 0
1694594276621 2.168975830078125 0
1694594276621 2.0659234523773193 0
1694594276629 2.0318745374679565 0
1694594276637 1.9886823892593384 0
1694594276639 1.881978154182434 0
1694594276645 1.694945216178894 0
1694594276650 1.6541671752929688 0
1694594276654 1.4755845665931702 0
1694594276658 1.547938346862793 0
1694594276663 1.7973862886428833 0
1694594276667 1.7990925312042236 0
1694594276670 1.7857578992843628 0
1694594276670 1.7376200556755066 0
1694594276681 1.2964727282524109 0
1694594276685 1.1906995475292206 0
1694594276690 1.3368731439113617 0
1694594276691 1.2750393748283386 0
