1694588638258 2.142507314682007 0
1694588638258 2.1024649143218994 0
1694588638271 2.133769392967224 0
1694588638271 2.1752068996429443 0
1694588638278 2.105032801628113 0
1694588638283 2.0687440633773804 0
1694588638288 2.032156229019165 0
1694588638293 1.9045584797859192 0
1694588638298 1.745179295539856 0
1694588638303 1.6517195105552673 0
1694588638308 1.5043633580207825 0
1694588638313 1.62505704164505 0
1694588638319 1.8356479406356812 0
1694588638319 1.7585925459861755 0
1694588638328 1.496679663658142 0
1694588638335 1.4938781261444092 0
1694588638338 1.1923611164093018 0
1694588638338 1.2222148776054382 0
1694588638348 1.3459321856498718 0
1694588638351 1.245988667011261 0
