1694533528077 4.391247272491455 0
1694533528083 4.440189599990845 0
1694533528085 4.726577997207642 0
1694533528090 4.46111273765564 0
1694533528094 4.223551988601685 0
1694533528098 4.712029695510864 0
1694533528102 4.1252264976501465 0
1694533528106 5.596150636672974 0
1694533528110 4.704259395599365 0
1694533528114 4.778565883636475 0
1694533528118 5.266307830810547 0
1694533528118 5.650324821472168 0
1694533528122 5.653083086013794 0
1694533528126 7.197293519973755 0
1694533528130 7.0155415534973145 0
1694533528134 9.556643009185791 0
1694533528138 10.50993537902832 0
1694533528142 11.449048042297363 0
1694533528151 13.071427345275879 0
1694533528154 12.893480777740479 0
