1694593431444 2.1422979831695557 0
1694593431454 2.105684518814087 0
1694593431459 2.1454020738601685 0
1694593431465 2.2013418674468994 0
1694593431468 2.1225717067718506 0
1694593431472 2.1325825452804565 0
1694593431472 2.1480886936187744 0
1694593431481 2.126131296157837 0
1694593431485 2.136341691017151 0
1694593431489 2.107148289680481 0
1694593431495 2.0927168130874634 0
1694593431499 2.1107972860336304 0
1694593431504 2.098257899284363 0
1694593431506 2.133059859275818 0
1694593431511 2.1078240871429443 0
1694593431511 2.1512811183929443 0
1694593431517 2.1106622219085693 0
1694593431525 2.083425283432007 0
1694593431534 2.077762007713318 0
1694593431538 2.0826371908187866 0
