1694624744411 1.4735878482460976 0
1694624744417 1.255239650607109 0
1694624744423 1.1865683868527412 0
1694624744428 1.1968813613057137 0
1694624744434 1.171616081148386 0
1694624744439 1.853414125740528 0
1694624744444 2.3125308007001877 0
1694624744450 3.2709970995783806 0
1694624744455 4.141030415892601 0
1694624744460 6.114593148231506 0
1694624744465 6.470888629555702 0
1694624744471 7.68174809217453 0
1694624744477 8.652326673269272 0
1694624744483 9.915547281503677 0
1694624744488 10.520084381103516 0
1694624744493 10.740719825029373 0
1694624744499 14.835677802562714 0
1694624744504 13.700498521327972 0
1694624744516 17.015780568122864 0
1694624744522 20.328321933746338 0
