1694586588523 2.143710494041443 0
1694586588528 2.092684030532837 0
1694586588532 2.1218446493148804 0
1694586588536 2.1697322130203247 0
1694586588540 2.072183847427368 0
1694586588544 2.0345414876937866 0
1694586588548 1.9968136548995972 0
1694586588551 1.884105145931244 0
1694586588556 1.7015119194984436 0
1694586588560 1.6545061469078064 0
1694586588564 1.476561963558197 0
1694586588568 1.5542654395103455 0
1694586588571 1.805148959159851 0
1694586588575 1.7982276678085327 0
1694586588579 1.7710017561912537 0
1694586588583 1.7112180590629578 0
1694586588587 1.2989885807037354 0
1694586588592 1.1887364387512207 0
1694586588601 1.3263293504714966 0
1694586588605 1.2559303045272827 0
