1694620622794 1.5853329449892044 0
1694620622799 1.1243090219795704 0
1694620622804 1.1600739732384682 0
1694620622809 1.350469347089529 0
1694620622816 1.3882366083562374 0
1694620622822 2.1619916185736656 0
1694620622828 2.6505327075719833 0
1694620622833 3.9047012105584145 0
1694620622839 4.780394613742828 0
1694620622845 7.152576461434364 0
1694620622850 6.972254931926727 0
1694620622856 7.828977167606354 0
1694620622861 8.753747642040253 0
1694620622866 9.459395438432693 0
1694620622871 11.035344421863556 0
1694620622876 11.012559801340103 0
1694620622881 13.580880045890808 0
1694620622886 13.969342768192291 0
1694620622892 14.332052648067474 0
1694620622897 15.877134382724762 0
