1694616115088 1.5518407821655273 0
1694616115088 1.5280452743172646 0
1694616115103 1.5328927040100098 0
1694616115103 1.5175290554761887 0
1694616115103 1.4597994312644005 0
1694616115119 1.448946475982666 0
1694616115119 1.4455799087882042 0
1694616115119 1.4279977306723595 0
1694616115138 1.411858081817627 0
1694616115138 1.4220913872122765 0
1694616115138 1.3982689380645752 0
1694616115150 1.4117084965109825 0
1694616115150 1.403257131576538 0
1694616115173 1.4167953506112099 0
1694616115173 1.3844952136278152 0
1694616115182 1.394725278019905 0
1694616115182 1.376713514328003 0
1694616115198 1.3673691302537918 0
1694616115198 1.3834159821271896 0
1694616115198 1.3795060142874718 0
