1694623665802 1.4701652452349663 0
1694623665808 1.0865137577056885 0
1694623665813 1.095893781632185 0
1694623665818 1.2917561046779156 0
1694623665824 1.3387939482927322 0
1694623665830 2.1395043805241585 0
1694623665835 2.617872305214405 0
1694623665841 3.8872483521699905 0
1694623665847 4.551467448472977 0
1694623665852 6.586785838007927 0
1694623665858 6.31370747089386 0
1694623665864 7.369173347949982 0
1694623665869 8.895089477300644 0
1694623665875 10.674720108509064 0
1694623665880 11.610512852668762 0
1694623665885 11.879882276058197 0
1694623665890 13.116960883140564 0
1694623665896 13.164252519607544 0
1694623665901 14.493525922298431 0
1694623665907 15.705791652202606 0
