1694533903359 2.1811578273773193 0
1694533903374 2.136414647102356 0
1694533903374 2.195803999900818 0
1694533903374 2.257035970687866 0
1694533903387 2.1665496826171875 0
1694533903391 2.216450333595276 0
1694533903391 2.1480560302734375 0
1694533903391 2.213997960090637 0
1694533903391 2.2080078125 0
1694533903391 2.174580216407776 0
1694533903406 2.235806107521057 0
1694533903406 2.1750738620758057 0
1694533903406 2.1908493041992188 0
1694533903406 2.127956986427307 0
1694533903422 2.1587350368499756 0
1694533903422 2.1258610486984253 0
1694533903422 2.189228653907776 0
1694533903422 2.2183576822280884 0
1694533903437 2.186593174934387 0
1694533903437 2.2135255336761475 0
