1694590836075 3.008480668067932 0
1694590836085 2.793768286705017 0
1694590836089 2.769247055053711 0
1694590836095 2.658061146736145 0
1694590836095 2.5347901582717896 0
1694590836095 2.8469855785369873 0
1694590836105 2.911499857902527 0
1694590836105 3.272293448448181 0
1694590836115 3.887431502342224 0
1694590836121 3.1865286827087402 0
1694590836125 5.182860374450684 0
1694590836125 4.907372713088989 0
1694590836135 5.139723300933838 0
1694590836136 6.983479738235474 0
1694590836136 7.233182191848755 0
1694590836145 9.601102352142334 0
1694590836152 10.487489223480225 0
1694590836155 11.853635311126709 0
1694590836155 14.479784488677979 0
1694590836165 14.198274612426758 0
