1694615803523 3.0779459923505783 0
1694615803566 1.8971081748604774 0
1694615803572 1.8924115225672722 0
1694615803579 2.1801308318972588 0
1694615803586 2.152133747935295 0
1694615803593 2.7978812605142593 0
1694615803600 3.227297231554985 0
1694615803608 4.667218431830406 0
1694615803615 4.299424588680267 0
1694615803621 6.669311091303825 0
1694615803628 6.304016187787056 0
1694615803635 7.6967761516571045 0
1694615803641 8.530047118663788 0
1694615803647 9.459862142801285 0
1694615803654 10.507839977741241 0
1694615803659 10.744079381227493 0
1694615803666 13.032124161720276 0
1694615803671 12.515134423971176 0
1694615803677 13.461016952991486 0
1694615803683 15.121747255325317 0
