1694584952427 2.1553508043289185 0
1694584952427 2.084248185157776 0
1694584952427 2.13751220703125 0
1694584952427 2.227213144302368 0
1694584952442 2.253226399421692 0
1694584952442 3.5321232676506042 0
1694584952442 5.430438756942749 0
1694584952458 9.922211170196533 0
1694584952458 10.319575786590576 0
1694584952458 12.654905319213867 0
1694584952458 13.654944896697998 0
1694584952474 11.415952682495117 0
1694584952474 11.758487701416016 0
1694584952474 11.338486671447754 0
1694584952474 14.622687339782715 0
1694584952489 11.268238067626953 0
1694584952489 12.764134883880615 0
1694584952489 9.022694110870361 0
1694584952489 9.189292430877686 0
1694584952505 8.7431058883667 0
