1694595948312 2.1900177001953125 0
1694595948316 2.1241291761398315 0
1694595948320 2.03765869140625 0
1694595948320 1.9720567464828491 0
1694595948320 1.7935181856155396 0
1694595948332 1.5755274891853333 0
1694595948332 1.9516479969024658 0
1694595948332 2.0478315949440002 0
1694595948347 2.9488238096237183 0
1694595948347 2.950762391090393 0
1694595948347 3.7193974256515503 0
1694595948347 3.566103219985962 0
1694595948363 4.247115135192871 0
1694595948363 6.294363975524902 0
1694595948363 6.522278070449829 0
1694595948379 7.22227144241333 0
1694595948379 8.938368320465088 0
1694595948379 8.355745077133179 0
1694595948379 11.464765548706055 0
1694595948394 10.544178485870361 0
