1694592099290 2.1817158460617065 0
1694592099290 2.144957423210144 0
1694592099297 2.1524897813796997 0
1694592099304 2.1597453355789185 0
1694592099306 2.146206498146057 0
1694592099311 2.0170700550079346 0
1694592099316 2.1874232292175293 0
1694592099318 2.8327090740203857 0
1694592099325 3.2621177434921265 0
1694592099326 2.9689745903015137 0
1694592099332 4.236090660095215 0
1694592099338 4.979102611541748 0
1694592099338 4.991826295852661 0
1694592099346 6.170092344284058 0
1694592099346 5.444148778915405 0
1694592099353 9.274628162384033 0
1694592099359 11.781253814697266 0
1694592099359 12.18752908706665 0
1694592099377 15.798656463623047 0
1694592099380 14.967554569244385 0
