1694616404766 1.4526862129569054 0
1694616404785 1.436099722981453 0
1694616404785 1.4194472804665565 0
1694616404798 1.4151938408613205 0
1694616404798 1.3995837196707726 0
1694616404814 1.4078562706708908 0
1694616404814 1.3965988159179688 0
1694616404829 1.3928979858756065 0
1694616404829 1.3736335784196854 0
1694616404829 1.3799772262573242 0
1694616404845 1.3751340359449387 0
1694616404845 1.353602983057499 0
1694616404860 1.3525398224592209 0
1694616404860 1.3672285079956055 0
1694616404876 1.3488533943891525 0
1694616404885 1.351874254643917 0
1694616404892 1.3371231108903885 0
1694616404892 1.3416456207633018 0
1694616404912 1.338034726679325 0
1694616404912 1.3376350402832031 0
