1694534665199 2.1707305908203125 0
1694534665199 2.1521159410476685 0
1694534665199 2.098153233528137 0
1694534665212 2.027377486228943 0
1694534665212 2.077699899673462 0
1694534665212 1.9298575520515442 0
1694534665212 1.978922724723816 0
1694534665227 1.9193038940429688 0
1694534665227 1.8192073106765747 0
1694534665227 1.7675748467445374 0
1694534665227 1.7967300415039062 0
1694534665243 1.739868700504303 0
1694534665243 1.7097249627113342 0
1694534665243 1.646330177783966 0
1694534665243 1.6306299567222595 0
1694534665258 1.6670897603034973 0
1694534665258 1.6687573194503784 0
1694534665258 1.5428237915039062 0
1694534665277 1.479564130306244 0
1694534665277 1.520242154598236 0
