1694614407714 1.474879264831543 0
1694614407722 1.3050764054059982 0
1694614407726 1.2385082468390465 0
1694614407734 1.178791418671608 0
1694614407740 1.077415443956852 0
1694614407746 1.0307642668485641 0
1694614407753 1.02577693015337 0
1694614407759 1.0071983188390732 0
1694614407765 0.9616668000817299 0
1694614407773 0.9623711407184601 0
1694614407779 0.9017211757600307 0
1694614407785 0.9229896068572998 0
1694614407790 0.9150787405669689 0
1694614407797 0.9269706159830093 0
1694614407801 0.8797826692461967 0
1694614407810 0.9037770554423332 0
1694614407813 0.8807036690413952 0
1694614407821 0.8658229187130928 0
1694614407829 0.8582602553069592 0
1694614407833 0.8946005180478096 0
