1694595134140 2.1436582803726196 0
1694595134140 2.0927276611328125 0
1694595134140 2.121959090232849 0
1694595134156 2.1697932481765747 0
1694595134156 2.0725032091140747 0
1694595134156 2.0346330404281616 0
1694595134171 1.9970980882644653 0
1694595134171 1.8842217326164246 0
1694595134171 1.7018569111824036 0
1694595134187 1.654653549194336 0
1694595134190 1.4768080115318298 0
1694595134190 1.5547829866409302 0
1694595134190 1.805553913116455 0
1694595134203 1.7982534170150757 0
1694595134203 1.7696781158447266 0
1694595134203 1.7100815176963806 0
1694595134218 1.2995002269744873 0
1694595134218 1.188709557056427 0
1694595134237 1.3262100219726562 0
1694595134237 1.2553797960281372 0
