1694621680926 1.3958250731229782 0
1694621680933 1.0947824232280254 0
1694621680940 1.0886068046092987 0
1694621680946 1.191920667886734 0
1694621680954 1.248371735215187 0
1694621680961 1.9757842421531677 0
1694621680968 2.3930723294615746 0
1694621680974 3.494895361363888 0
1694621680982 4.23602332174778 0
1694621680988 6.341532126069069 0
1694621680994 6.119839534163475 0
1694621681000 7.484537094831467 0
1694621681006 8.569202899932861 0
1694621681013 9.240632683038712 0
1694621681019 9.90891033411026 0
1694621681024 10.580464959144592 0
1694621681030 12.096071928739548 0
1694621681037 12.247020244598389 0
1694621681049 13.812174826860428 0
1694621681055 14.858327329158783 0
