1694532746891 8.738486289978027 0
1694532746895 11.942593097686768 0
1694532746901 19.71982192993164 0
1694532746903 20.233229637145996 0
1694532746909 19.960609436035156 0
1694532746911 16.800031661987305 0
1694532746917 13.87500810623169 0
1694532746920 16.96579360961914 0
1694532746924 15.155876636505127 0
1694532746928 11.950401782989502 0
1694532746932 12.03487491607666 0
1694532746936 8.237135410308838 0
1694532746940 9.911711692810059 0
1694532746945 8.77759838104248 0
1694532746948 7.085618019104004 0
1694532746953 8.030027627944946 0
1694532746957 6.677868366241455 0
1694532746961 5.455824136734009 0
1694532746971 6.257725477218628 0
1694532746972 6.466109275817871 0
