1694620088699 1.637984924018383 0
1694620088699 1.144834242761135 0
1694620088715 1.1876702941954136 0
1694620088715 1.3767057359218597 0
1694620088731 1.405737392604351 0
1694620088731 2.1696746423840523 0
1694620088731 2.6514202803373337 0
1694620088746 3.8816132992506027 0
1694620088746 4.758438214659691 0
1694620088746 6.871621340513229 0
1694620088762 6.731405198574066 0
1694620088762 8.192481845617294 0
1694620088778 8.726417124271393 0
1694620088778 9.139333069324493 0
1694620088778 10.300355434417725 0
1694620088794 9.740414202213287 0
1694620088794 13.166999280452728 0
1694620088794 12.704079955816269 0
1694620088809 16.03071355819702 0
1694620088809 16.87430065870285 0
