1694596774244 2.1908808946609497 0
1694596774244 2.1231449842453003 0
1694596774244 2.0365246534347534 0
1694596774263 1.9713484048843384 0
1694596774266 1.792627215385437 0
1694596774269 1.5760475993156433 0
1694596774276 1.952065348625183 0
1694596774276 2.049781620502472 0
1694596774276 2.949808359146118 0
1694596774291 2.954102039337158 0
1694596774291 3.718346357345581 0
1694596774291 3.5674331188201904 0
1694596774307 4.250769138336182 0
1694596774307 6.304929494857788 0
1694596774307 6.532364845275879 0
1694596774307 7.215994358062744 0
1694596774322 8.94997787475586 0
1694596774322 8.354884624481201 0
1694596774322 11.470094680786133 0
1694596774338 10.571238994598389 0
