1694533132535 2.169788956642151 0
1694533132551 2.1575088500976562 0
1694533132551 2.1213520765304565 0
1694533132551 2.0648574829101562 0
1694533132551 2.1845213174819946 0
1694533132566 2.0767669677734375 0
1694533132566 2.1353617906570435 0
1694533132566 2.102688431739807 0
1694533132566 2.075788199901581 0
1694533132582 2.0593806505203247 0
1694533132582 2.086000680923462 0
1694533132582 2.0512019395828247 0
1694533132582 2.087899327278137 0
1694533132598 2.027060389518738 0
1694533132598 2.0306657552719116 0
1694533132598 2.0681707859039307 0
1694533132598 2.031553030014038 0
1694533132613 1.9896163940429688 0
1694533132626 2.017813563346863 0
1694533132629 2.012635350227356 0
